Datum/tijd van opslag;8-10-2015 16:02:21
Geldsoort;Aantal;Subtotaal
500;2;1000
200;2;400
100;2;200
50;2;100
20;2;40
10;2;20
5;2;10
2;2;4
1;2;2
0,5;2;1
0,2;2;0,4
0,1;2;0,2
0,05;2;0,1
0,02;2;0,04
0,01;2;0,02
Totaal:;;1777,76
